time point	time (ms)
1	-200.1953
2	-199.707
3	-199.2188
4	-198.7305
5	-198.2422
6	-197.7539
7	-197.2656
8	-196.7773
9	-196.2891
10	-195.8008
11	-195.3125
12	-194.8242
13	-194.3359
14	-193.8477
15	-193.3594
16	-192.8711
17	-192.3828
18	-191.8945
19	-191.4063
20	-190.918
21	-190.4297
22	-189.9414
23	-189.4531
24	-188.9648
25	-188.4766
26	-187.9883
27	-187.5
28	-187.0117
29	-186.5234
30	-186.0352
31	-185.5469
32	-185.0586
33	-184.5703
34	-184.082
35	-183.5938
36	-183.1055
37	-182.6172
38	-182.1289
39	-181.6406
40	-181.1523
41	-180.6641
42	-180.1758
43	-179.6875
44	-179.1992
45	-178.7109
46	-178.2227
47	-177.7344
48	-177.2461
49	-176.7578
50	-176.2695
51	-175.7813
52	-175.293
53	-174.8047
54	-174.3164
55	-173.8281
56	-173.3398
57	-172.8516
58	-172.3633
59	-171.875
60	-171.3867
61	-170.8984
62	-170.4102
63	-169.9219
64	-169.4336
65	-168.9453
66	-168.457
67	-167.9688
68	-167.4805
69	-166.9922
70	-166.5039
71	-166.0156
72	-165.5273
73	-165.0391
74	-164.5508
75	-164.0625
76	-163.5742
77	-163.0859
78	-162.5977
79	-162.1094
80	-161.6211
81	-161.1328
82	-160.6445
83	-160.1563
84	-159.668
85	-159.1797
86	-158.6914
87	-158.2031
88	-157.7148
89	-157.2266
90	-156.7383
91	-156.25
92	-155.7617
93	-155.2734
94	-154.7852
95	-154.2969
96	-153.8086
97	-153.3203
98	-152.832
99	-152.3438
100	-151.8555
101	-151.3672
102	-150.8789
103	-150.3906
104	-149.9023
105	-149.4141
106	-148.9258
107	-148.4375
108	-147.9492
109	-147.4609
110	-146.9727
111	-146.4844
112	-145.9961
113	-145.5078
114	-145.0195
115	-144.5313
116	-144.043
117	-143.5547
118	-143.0664
119	-142.5781
120	-142.0898
121	-141.6016
122	-141.1133
123	-140.625
124	-140.1367
125	-139.6484
126	-139.1602
127	-138.6719
128	-138.1836
129	-137.6953
130	-137.207
131	-136.7188
132	-136.2305
133	-135.7422
134	-135.2539
135	-134.7656
136	-134.2773
137	-133.7891
138	-133.3008
139	-132.8125
140	-132.3242
141	-131.8359
142	-131.3477
143	-130.8594
144	-130.3711
145	-129.8828
146	-129.3945
147	-128.9063
148	-128.418
149	-127.9297
150	-127.4414
151	-126.9531
152	-126.4648
153	-125.9766
154	-125.4883
155	-125
156	-124.5117
157	-124.0234
158	-123.5352
159	-123.0469
160	-122.5586
161	-122.0703
162	-121.582
163	-121.0938
164	-120.6055
165	-120.1172
166	-119.6289
167	-119.1406
168	-118.6523
169	-118.1641
170	-117.6758
171	-117.1875
172	-116.6992
173	-116.2109
174	-115.7227
175	-115.2344
176	-114.7461
177	-114.2578
178	-113.7695
179	-113.2813
180	-112.793
181	-112.3047
182	-111.8164
183	-111.3281
184	-110.8398
185	-110.3516
186	-109.8633
187	-109.375
188	-108.8867
189	-108.3984
190	-107.9102
191	-107.4219
192	-106.9336
193	-106.4453
194	-105.957
195	-105.4688
196	-104.9805
197	-104.4922
198	-104.0039
199	-103.5156
200	-103.0273
201	-102.5391
202	-102.0508
203	-101.5625
204	-101.0742
205	-100.5859
206	-100.0977
207	-99.6094
208	-99.1211
209	-98.6328
210	-98.1445
211	-97.6563
212	-97.168
213	-96.6797
214	-96.1914
215	-95.7031
216	-95.2148
217	-94.7266
218	-94.2383
219	-93.75
220	-93.2617
221	-92.7734
222	-92.2852
223	-91.7969
224	-91.3086
225	-90.8203
226	-90.332
227	-89.8438
228	-89.3555
229	-88.8672
230	-88.3789
231	-87.8906
232	-87.4023
233	-86.9141
234	-86.4258
235	-85.9375
236	-85.4492
237	-84.9609
238	-84.4727
239	-83.9844
240	-83.4961
241	-83.0078
242	-82.5195
243	-82.0313
244	-81.543
245	-81.0547
246	-80.5664
247	-80.0781
248	-79.5898
249	-79.1016
250	-78.6133
251	-78.125
252	-77.6367
253	-77.1484
254	-76.6602
255	-76.1719
256	-75.6836
257	-75.1953
258	-74.707
259	-74.2188
260	-73.7305
261	-73.2422
262	-72.7539
263	-72.2656
264	-71.7773
265	-71.2891
266	-70.8008
267	-70.3125
268	-69.8242
269	-69.3359
270	-68.8477
271	-68.3594
272	-67.8711
273	-67.3828
274	-66.8945
275	-66.4063
276	-65.918
277	-65.4297
278	-64.9414
279	-64.4531
280	-63.9648
281	-63.4766
282	-62.9883
283	-62.5
284	-62.0117
285	-61.5234
286	-61.0352
287	-60.5469
288	-60.0586
289	-59.5703
290	-59.082
291	-58.5938
292	-58.1055
293	-57.6172
294	-57.1289
295	-56.6406
296	-56.1523
297	-55.6641
298	-55.1758
299	-54.6875
300	-54.1992
301	-53.7109
302	-53.2227
303	-52.7344
304	-52.2461
305	-51.7578
306	-51.2695
307	-50.7813
308	-50.293
309	-49.8047
310	-49.3164
311	-48.8281
312	-48.3398
313	-47.8516
314	-47.3633
315	-46.875
316	-46.3867
317	-45.8984
318	-45.4102
319	-44.9219
320	-44.4336
321	-43.9453
322	-43.457
323	-42.9688
324	-42.4805
325	-41.9922
326	-41.5039
327	-41.0156
328	-40.5273
329	-40.0391
330	-39.5508
331	-39.0625
332	-38.5742
333	-38.0859
334	-37.5977
335	-37.1094
336	-36.6211
337	-36.1328
338	-35.6445
339	-35.1563
340	-34.668
341	-34.1797
342	-33.6914
343	-33.2031
344	-32.7148
345	-32.2266
346	-31.7383
347	-31.25
348	-30.7617
349	-30.2734
350	-29.7852
351	-29.2969
352	-28.8086
353	-28.3203
354	-27.832
355	-27.3438
356	-26.8555
357	-26.3672
358	-25.8789
359	-25.3906
360	-24.9023
361	-24.4141
362	-23.9258
363	-23.4375
364	-22.9492
365	-22.4609
366	-21.9727
367	-21.4844
368	-20.9961
369	-20.5078
370	-20.0195
371	-19.5313
372	-19.043
373	-18.5547
374	-18.0664
375	-17.5781
376	-17.0898
377	-16.6016
378	-16.1133
379	-15.625
380	-15.1367
381	-14.6484
382	-14.1602
383	-13.6719
384	-13.1836
385	-12.6953
386	-12.207
387	-11.7188
388	-11.2305
389	-10.7422
390	-10.2539
391	-9.7656
392	-9.2773
393	-8.7891
394	-8.3008
395	-7.8125
396	-7.3242
397	-6.8359
398	-6.3477
399	-5.8594
400	-5.3711
401	-4.8828
402	-4.3945
403	-3.9063
404	-3.418
405	-2.9297
406	-2.4414
407	-1.9531
408	-1.4648
409	-0.9766
410	-0.4883
411	0
412	0.4883
413	0.9766
414	1.4648
415	1.9531
416	2.4414
417	2.9297
418	3.418
419	3.9063
420	4.3945
421	4.8828
422	5.3711
423	5.8594
424	6.3477
425	6.8359
426	7.3242
427	7.8125
428	8.3008
429	8.7891
430	9.2773
431	9.7656
432	10.2539
433	10.7422
434	11.2305
435	11.7188
436	12.207
437	12.6953
438	13.1836
439	13.6719
440	14.1602
441	14.6484
442	15.1367
443	15.625
444	16.1133
445	16.6016
446	17.0898
447	17.5781
448	18.0664
449	18.5547
450	19.043
451	19.5313
452	20.0195
453	20.5078
454	20.9961
455	21.4844
456	21.9727
457	22.4609
458	22.9492
459	23.4375
460	23.9258
461	24.4141
462	24.9023
463	25.3906
464	25.8789
465	26.3672
466	26.8555
467	27.3438
468	27.832
469	28.3203
470	28.8086
471	29.2969
472	29.7852
473	30.2734
474	30.7617
475	31.25
476	31.7383
477	32.2266
478	32.7148
479	33.2031
480	33.6914
481	34.1797
482	34.668
483	35.1563
484	35.6445
485	36.1328
486	36.6211
487	37.1094
488	37.5977
489	38.0859
490	38.5742
491	39.0625
492	39.5508
493	40.0391
494	40.5273
495	41.0156
496	41.5039
497	41.9922
498	42.4805
499	42.9688
500	43.457
501	43.9453
502	44.4336
503	44.9219
504	45.4102
505	45.8984
506	46.3867
507	46.875
508	47.3633
509	47.8516
510	48.3398
511	48.8281
512	49.3164
513	49.8047
514	50.293
515	50.7813
516	51.2695
517	51.7578
518	52.2461
519	52.7344
520	53.2227
521	53.7109
522	54.1992
523	54.6875
524	55.1758
525	55.6641
526	56.1523
527	56.6406
528	57.1289
529	57.6172
530	58.1055
531	58.5938
532	59.082
533	59.5703
534	60.0586
535	60.5469
536	61.0352
537	61.5234
538	62.0117
539	62.5
540	62.9883
541	63.4766
542	63.9648
543	64.4531
544	64.9414
545	65.4297
546	65.918
547	66.4063
548	66.8945
549	67.3828
550	67.8711
551	68.3594
552	68.8477
553	69.3359
554	69.8242
555	70.3125
556	70.8008
557	71.2891
558	71.7773
559	72.2656
560	72.7539
561	73.2422
562	73.7305
563	74.2188
564	74.707
565	75.1953
566	75.6836
567	76.1719
568	76.6602
569	77.1484
570	77.6367
571	78.125
572	78.6133
573	79.1016
574	79.5898
575	80.0781
576	80.5664
577	81.0547
578	81.543
579	82.0313
580	82.5195
581	83.0078
582	83.4961
583	83.9844
584	84.4727
585	84.9609
586	85.4492
587	85.9375
588	86.4258
589	86.9141
590	87.4023
591	87.8906
592	88.3789
593	88.8672
594	89.3555
595	89.8438
596	90.332
597	90.8203
598	91.3086
599	91.7969
600	92.2852
601	92.7734
602	93.2617
603	93.75
604	94.2383
605	94.7266
606	95.2148
607	95.7031
608	96.1914
609	96.6797
610	97.168
611	97.6563
612	98.1445
613	98.6328
614	99.1211
615	99.6094
616	100.0977
617	100.5859
618	101.0742
619	101.5625
620	102.0508
621	102.5391
622	103.0273
623	103.5156
624	104.0039
625	104.4922
626	104.9805
627	105.4688
628	105.957
629	106.4453
630	106.9336
631	107.4219
632	107.9102
633	108.3984
634	108.8867
635	109.375
636	109.8633
637	110.3516
638	110.8398
639	111.3281
640	111.8164
641	112.3047
642	112.793
643	113.2813
644	113.7695
645	114.2578
646	114.7461
647	115.2344
648	115.7227
649	116.2109
650	116.6992
651	117.1875
652	117.6758
653	118.1641
654	118.6523
655	119.1406
656	119.6289
657	120.1172
658	120.6055
659	121.0938
660	121.582
661	122.0703
662	122.5586
663	123.0469
664	123.5352
665	124.0234
666	124.5117
667	125
668	125.4883
669	125.9766
670	126.4648
671	126.9531
672	127.4414
673	127.9297
674	128.418
675	128.9063
676	129.3945
677	129.8828
678	130.3711
679	130.8594
680	131.3477
681	131.8359
682	132.3242
683	132.8125
684	133.3008
685	133.7891
686	134.2773
687	134.7656
688	135.2539
689	135.7422
690	136.2305
691	136.7188
692	137.207
693	137.6953
694	138.1836
695	138.6719
696	139.1602
697	139.6484
698	140.1367
699	140.625
700	141.1133
701	141.6016
702	142.0898
703	142.5781
704	143.0664
705	143.5547
706	144.043
707	144.5313
708	145.0195
709	145.5078
710	145.9961
711	146.4844
712	146.9727
713	147.4609
714	147.9492
715	148.4375
716	148.9258
717	149.4141
718	149.9023
719	150.3906
720	150.8789
721	151.3672
722	151.8555
723	152.3438
724	152.832
725	153.3203
726	153.8086
727	154.2969
728	154.7852
729	155.2734
730	155.7617
731	156.25
732	156.7383
733	157.2266
734	157.7148
735	158.2031
736	158.6914
737	159.1797
738	159.668
739	160.1563
740	160.6445
741	161.1328
742	161.6211
743	162.1094
744	162.5977
745	163.0859
746	163.5742
747	164.0625
748	164.5508
749	165.0391
750	165.5273
751	166.0156
752	166.5039
753	166.9922
754	167.4805
755	167.9688
756	168.457
757	168.9453
758	169.4336
759	169.9219
760	170.4102
761	170.8984
762	171.3867
763	171.875
764	172.3633
765	172.8516
766	173.3398
767	173.8281
768	174.3164
769	174.8047
770	175.293
771	175.7813
772	176.2695
773	176.7578
774	177.2461
775	177.7344
776	178.2227
777	178.7109
778	179.1992
779	179.6875
780	180.1758
781	180.6641
782	181.1523
783	181.6406
784	182.1289
785	182.6172
786	183.1055
787	183.5938
788	184.082
789	184.5703
790	185.0586
791	185.5469
792	186.0352
793	186.5234
794	187.0117
795	187.5
796	187.9883
797	188.4766
798	188.9648
799	189.4531
800	189.9414
801	190.4297
802	190.918
803	191.4063
804	191.8945
805	192.3828
806	192.8711
807	193.3594
808	193.8477
809	194.3359
810	194.8242
811	195.3125
812	195.8008
813	196.2891
814	196.7773
815	197.2656
816	197.7539
817	198.2422
818	198.7305
819	199.2188
820	199.707
821	200.1953
822	200.6836
823	201.1719
824	201.6602
825	202.1484
826	202.6367
827	203.125
828	203.6133
829	204.1016
830	204.5898
831	205.0781
832	205.5664
833	206.0547
834	206.543
835	207.0313
836	207.5195
837	208.0078
838	208.4961
839	208.9844
840	209.4727
841	209.9609
842	210.4492
843	210.9375
844	211.4258
845	211.9141
846	212.4023
847	212.8906
848	213.3789
849	213.8672
850	214.3555
851	214.8438
852	215.332
853	215.8203
854	216.3086
855	216.7969
856	217.2852
857	217.7734
858	218.2617
859	218.75
860	219.2383
861	219.7266
862	220.2148
863	220.7031
864	221.1914
865	221.6797
866	222.168
867	222.6563
868	223.1445
869	223.6328
870	224.1211
871	224.6094
872	225.0977
873	225.5859
874	226.0742
875	226.5625
876	227.0508
877	227.5391
878	228.0273
879	228.5156
880	229.0039
881	229.4922
882	229.9805
883	230.4688
884	230.957
885	231.4453
886	231.9336
887	232.4219
888	232.9102
889	233.3984
890	233.8867
891	234.375
892	234.8633
893	235.3516
894	235.8398
895	236.3281
896	236.8164
897	237.3047
898	237.793
899	238.2813
900	238.7695
901	239.2578
902	239.7461
903	240.2344
904	240.7227
905	241.2109
906	241.6992
907	242.1875
908	242.6758
909	243.1641
910	243.6523
911	244.1406
912	244.6289
913	245.1172
914	245.6055
915	246.0938
916	246.582
917	247.0703
918	247.5586
919	248.0469
920	248.5352
921	249.0234
922	249.5117
923	250
924	250.4883
925	250.9766
926	251.4648
927	251.9531
928	252.4414
929	252.9297
930	253.418
931	253.9063
932	254.3945
933	254.8828
934	255.3711
935	255.8594
936	256.3477
937	256.8359
938	257.3242
939	257.8125
940	258.3008
941	258.7891
942	259.2773
943	259.7656
944	260.2539
945	260.7422
946	261.2305
947	261.7188
948	262.207
949	262.6953
950	263.1836
951	263.6719
952	264.1602
953	264.6484
954	265.1367
955	265.625
956	266.1133
957	266.6016
958	267.0898
959	267.5781
960	268.0664
961	268.5547
962	269.043
963	269.5313
964	270.0195
965	270.5078
966	270.9961
967	271.4844
968	271.9727
969	272.4609
970	272.9492
971	273.4375
972	273.9258
973	274.4141
974	274.9023
975	275.3906
976	275.8789
977	276.3672
978	276.8555
979	277.3438
980	277.832
981	278.3203
982	278.8086
983	279.2969
984	279.7852
985	280.2734
986	280.7617
987	281.25
988	281.7383
989	282.2266
990	282.7148
991	283.2031
992	283.6914
993	284.1797
994	284.668
995	285.1563
996	285.6445
997	286.1328
998	286.6211
999	287.1094
1000	287.5977
1001	288.0859
1002	288.5742
1003	289.0625
1004	289.5508
1005	290.0391
1006	290.5273
1007	291.0156
1008	291.5039
1009	291.9922
1010	292.4805
1011	292.9688
1012	293.457
1013	293.9453
1014	294.4336
1015	294.9219
1016	295.4102
1017	295.8984
1018	296.3867
1019	296.875
1020	297.3633
1021	297.8516
1022	298.3398
1023	298.8281
1024	299.3164
1025	299.8047
1026	300.293
1027	300.7813
1028	301.2695
1029	301.7578
1030	302.2461
1031	302.7344
1032	303.2227
1033	303.7109
1034	304.1992
1035	304.6875
1036	305.1758
1037	305.6641
1038	306.1523
1039	306.6406
1040	307.1289
1041	307.6172
1042	308.1055
1043	308.5938
1044	309.082
1045	309.5703
1046	310.0586
1047	310.5469
1048	311.0352
1049	311.5234
1050	312.0117
1051	312.5
1052	312.9883
1053	313.4766
1054	313.9648
1055	314.4531
1056	314.9414
1057	315.4297
1058	315.918
1059	316.4063
1060	316.8945
1061	317.3828
1062	317.8711
1063	318.3594
1064	318.8477
1065	319.3359
1066	319.8242
1067	320.3125
1068	320.8008
1069	321.2891
1070	321.7773
1071	322.2656
1072	322.7539
1073	323.2422
1074	323.7305
1075	324.2188
1076	324.707
1077	325.1953
1078	325.6836
1079	326.1719
1080	326.6602
1081	327.1484
1082	327.6367
1083	328.125
1084	328.6133
1085	329.1016
1086	329.5898
1087	330.0781
1088	330.5664
1089	331.0547
1090	331.543
1091	332.0313
1092	332.5195
1093	333.0078
1094	333.4961
1095	333.9844
1096	334.4727
1097	334.9609
1098	335.4492
1099	335.9375
1100	336.4258
1101	336.9141
1102	337.4023
1103	337.8906
1104	338.3789
1105	338.8672
1106	339.3555
1107	339.8438
1108	340.332
1109	340.8203
1110	341.3086
1111	341.7969
1112	342.2852
1113	342.7734
1114	343.2617
1115	343.75
1116	344.2383
1117	344.7266
1118	345.2148
1119	345.7031
1120	346.1914
1121	346.6797
1122	347.168
1123	347.6563
1124	348.1445
1125	348.6328
1126	349.1211
1127	349.6094
1128	350.0977
1129	350.5859
1130	351.0742
1131	351.5625
1132	352.0508
1133	352.5391
1134	353.0273
1135	353.5156
1136	354.0039
1137	354.4922
1138	354.9805
1139	355.4688
1140	355.957
1141	356.4453
1142	356.9336
1143	357.4219
1144	357.9102
1145	358.3984
1146	358.8867
1147	359.375
1148	359.8633
1149	360.3516
1150	360.8398
1151	361.3281
1152	361.8164
1153	362.3047
1154	362.793
1155	363.2813
1156	363.7695
1157	364.2578
1158	364.7461
1159	365.2344
1160	365.7227
1161	366.2109
1162	366.6992
1163	367.1875
1164	367.6758
1165	368.1641
1166	368.6523
1167	369.1406
1168	369.6289
1169	370.1172
1170	370.6055
1171	371.0938
1172	371.582
1173	372.0703
1174	372.5586
1175	373.0469
1176	373.5352
1177	374.0234
1178	374.5117
1179	375
1180	375.4883
1181	375.9766
1182	376.4648
1183	376.9531
1184	377.4414
1185	377.9297
1186	378.418
1187	378.9063
1188	379.3945
1189	379.8828
1190	380.3711
1191	380.8594
1192	381.3477
1193	381.8359
1194	382.3242
1195	382.8125
1196	383.3008
1197	383.7891
1198	384.2773
1199	384.7656
1200	385.2539
1201	385.7422
1202	386.2305
1203	386.7188
1204	387.207
1205	387.6953
1206	388.1836
1207	388.6719
1208	389.1602
1209	389.6484
1210	390.1367
1211	390.625
1212	391.1133
1213	391.6016
1214	392.0898
1215	392.5781
1216	393.0664
1217	393.5547
1218	394.043
1219	394.5313
1220	395.0195
1221	395.5078
1222	395.9961
1223	396.4844
1224	396.9727
1225	397.4609
1226	397.9492
1227	398.4375
1228	398.9258
1229	399.4141
1230	399.9023
1231	400.3906
1232	400.8789
1233	401.3672
1234	401.8555
1235	402.3438
1236	402.832
1237	403.3203
1238	403.8086
1239	404.2969
1240	404.7852
1241	405.2734
1242	405.7617
1243	406.25
1244	406.7383
1245	407.2266
1246	407.7148
1247	408.2031
1248	408.6914
1249	409.1797
1250	409.668
1251	410.1563
1252	410.6445
1253	411.1328
1254	411.6211
1255	412.1094
1256	412.5977
1257	413.0859
1258	413.5742
1259	414.0625
1260	414.5508
1261	415.0391
1262	415.5273
1263	416.0156
1264	416.5039
1265	416.9922
1266	417.4805
1267	417.9688
1268	418.457
1269	418.9453
1270	419.4336
1271	419.9219
1272	420.4102
1273	420.8984
1274	421.3867
1275	421.875
1276	422.3633
1277	422.8516
1278	423.3398
1279	423.8281
1280	424.3164
1281	424.8047
1282	425.293
1283	425.7813
1284	426.2695
1285	426.7578
1286	427.2461
1287	427.7344
1288	428.2227
1289	428.7109
1290	429.1992
1291	429.6875
1292	430.1758
1293	430.6641
1294	431.1523
1295	431.6406
1296	432.1289
1297	432.6172
1298	433.1055
1299	433.5938
1300	434.082
1301	434.5703
1302	435.0586
1303	435.5469
1304	436.0352
1305	436.5234
1306	437.0117
1307	437.5
1308	437.9883
1309	438.4766
1310	438.9648
1311	439.4531
1312	439.9414
1313	440.4297
1314	440.918
1315	441.4063
1316	441.8945
1317	442.3828
1318	442.8711
1319	443.3594
1320	443.8477
1321	444.3359
1322	444.8242
1323	445.3125
1324	445.8008
1325	446.2891
1326	446.7773
1327	447.2656
1328	447.7539
1329	448.2422
1330	448.7305
1331	449.2188
1332	449.707
1333	450.1953
1334	450.6836
1335	451.1719
1336	451.6602
1337	452.1484
1338	452.6367
1339	453.125
1340	453.6133
1341	454.1016
1342	454.5898
1343	455.0781
1344	455.5664
1345	456.0547
1346	456.543
1347	457.0313
1348	457.5195
1349	458.0078
1350	458.4961
1351	458.9844
1352	459.4727
1353	459.9609
1354	460.4492
1355	460.9375
1356	461.4258
1357	461.9141
1358	462.4023
1359	462.8906
1360	463.3789
1361	463.8672
1362	464.3555
1363	464.8438
1364	465.332
1365	465.8203
1366	466.3086
1367	466.7969
1368	467.2852
1369	467.7734
1370	468.2617
1371	468.75
1372	469.2383
1373	469.7266
1374	470.2148
1375	470.7031
1376	471.1914
1377	471.6797
1378	472.168
1379	472.6563
1380	473.1445
1381	473.6328
1382	474.1211
1383	474.6094
1384	475.0977
1385	475.5859
1386	476.0742
1387	476.5625
1388	477.0508
1389	477.5391
1390	478.0273
1391	478.5156
1392	479.0039
1393	479.4922
1394	479.9805
1395	480.4688
1396	480.957
1397	481.4453
1398	481.9336
1399	482.4219
1400	482.9102
1401	483.3984
1402	483.8867
1403	484.375
1404	484.8633
1405	485.3516
1406	485.8398
1407	486.3281
1408	486.8164
1409	487.3047
1410	487.793
1411	488.2813
1412	488.7695
1413	489.2578
1414	489.7461
1415	490.2344
1416	490.7227
1417	491.2109
1418	491.6992
1419	492.1875
1420	492.6758
1421	493.1641
1422	493.6523
1423	494.1406
1424	494.6289
1425	495.1172
1426	495.6055
1427	496.0938
1428	496.582
1429	497.0703
1430	497.5586
1431	498.0469
1432	498.5352
1433	499.0234
1434	499.5117
1435	500
1436	500.4883
1437	500.9766
1438	501.4648
1439	501.9531
1440	502.4414
1441	502.9297
1442	503.418
1443	503.9063
1444	504.3945
1445	504.8828
1446	505.3711
1447	505.8594
1448	506.3477
1449	506.8359
1450	507.3242
1451	507.8125
1452	508.3008
1453	508.7891
1454	509.2773
1455	509.7656
1456	510.2539
1457	510.7422
1458	511.2305
1459	511.7188
1460	512.207
1461	512.6953
1462	513.1836
1463	513.6719
1464	514.1602
1465	514.6484
1466	515.1367
1467	515.625
1468	516.1133
1469	516.6016
1470	517.0898
1471	517.5781
1472	518.0664
1473	518.5547
1474	519.043
1475	519.5313
1476	520.0195
1477	520.5078
1478	520.9961
1479	521.4844
1480	521.9727
1481	522.4609
1482	522.9492
1483	523.4375
1484	523.9258
1485	524.4141
1486	524.9023
1487	525.3906
1488	525.8789
1489	526.3672
1490	526.8555
1491	527.3438
1492	527.832
1493	528.3203
1494	528.8086
1495	529.2969
1496	529.7852
1497	530.2734
1498	530.7617
1499	531.25
1500	531.7383
1501	532.2266
1502	532.7148
1503	533.2031
1504	533.6914
1505	534.1797
1506	534.668
1507	535.1563
1508	535.6445
1509	536.1328
1510	536.6211
1511	537.1094
1512	537.5977
1513	538.0859
1514	538.5742
1515	539.0625
1516	539.5508
1517	540.0391
1518	540.5273
1519	541.0156
1520	541.5039
1521	541.9922
1522	542.4805
1523	542.9688
1524	543.457
1525	543.9453
1526	544.4336
1527	544.9219
1528	545.4102
1529	545.8984
1530	546.3867
1531	546.875
1532	547.3633
1533	547.8516
1534	548.3398
1535	548.8281
1536	549.3164
1537	549.8047
1538	550.293
1539	550.7813
1540	551.2695
1541	551.7578
1542	552.2461
1543	552.7344
1544	553.2227
1545	553.7109
1546	554.1992
1547	554.6875
1548	555.1758
1549	555.6641
1550	556.1523
1551	556.6406
1552	557.1289
1553	557.6172
1554	558.1055
1555	558.5938
1556	559.082
1557	559.5703
1558	560.0586
1559	560.5469
1560	561.0352
1561	561.5234
1562	562.0117
1563	562.5
1564	562.9883
1565	563.4766
1566	563.9648
1567	564.4531
1568	564.9414
1569	565.4297
1570	565.918
1571	566.4063
1572	566.8945
1573	567.3828
1574	567.8711
1575	568.3594
1576	568.8477
1577	569.3359
1578	569.8242
1579	570.3125
1580	570.8008
1581	571.2891
1582	571.7773
1583	572.2656
1584	572.7539
1585	573.2422
1586	573.7305
1587	574.2188
1588	574.707
1589	575.1953
1590	575.6836
1591	576.1719
1592	576.6602
1593	577.1484
1594	577.6367
1595	578.125
1596	578.6133
1597	579.1016
1598	579.5898
1599	580.0781
1600	580.5664
1601	581.0547
1602	581.543
1603	582.0313
1604	582.5195
1605	583.0078
1606	583.4961
1607	583.9844
1608	584.4727
1609	584.9609
1610	585.4492
1611	585.9375
1612	586.4258
1613	586.9141
1614	587.4023
1615	587.8906
1616	588.3789
1617	588.8672
1618	589.3555
1619	589.8438
1620	590.332
1621	590.8203
1622	591.3086
1623	591.7969
1624	592.2852
1625	592.7734
1626	593.2617
1627	593.75
1628	594.2383
1629	594.7266
1630	595.2148
1631	595.7031
1632	596.1914
1633	596.6797
1634	597.168
1635	597.6563
1636	598.1445
1637	598.6328
1638	599.1211
1639	599.6094
1640	600.0977
1641	600.5859
1642	601.0742
1643	601.5625
1644	602.0508
1645	602.5391
1646	603.0273
1647	603.5156
1648	604.0039
1649	604.4922
1650	604.9805
1651	605.4688
1652	605.957
1653	606.4453
1654	606.9336
1655	607.4219
1656	607.9102
1657	608.3984
1658	608.8867
1659	609.375
1660	609.8633
1661	610.3516
1662	610.8398
1663	611.3281
1664	611.8164
1665	612.3047
1666	612.793
1667	613.2813
1668	613.7695
1669	614.2578
1670	614.7461
1671	615.2344
1672	615.7227
1673	616.2109
1674	616.6992
1675	617.1875
1676	617.6758
1677	618.1641
1678	618.6523
1679	619.1406
1680	619.6289
1681	620.1172
1682	620.6055
1683	621.0938
1684	621.582
1685	622.0703
1686	622.5586
1687	623.0469
1688	623.5352
1689	624.0234
1690	624.5117
1691	625
1692	625.4883
1693	625.9766
1694	626.4648
1695	626.9531
1696	627.4414
1697	627.9297
1698	628.418
1699	628.9063
1700	629.3945
1701	629.8828
1702	630.3711
1703	630.8594
1704	631.3477
1705	631.8359
1706	632.3242
1707	632.8125
1708	633.3008
1709	633.7891
1710	634.2773
1711	634.7656
1712	635.2539
1713	635.7422
1714	636.2305
1715	636.7188
1716	637.207
1717	637.6953
1718	638.1836
1719	638.6719
1720	639.1602
1721	639.6484
1722	640.1367
1723	640.625
1724	641.1133
1725	641.6016
1726	642.0898
1727	642.5781
1728	643.0664
1729	643.5547
1730	644.043
1731	644.5313
1732	645.0195
1733	645.5078
1734	645.9961
1735	646.4844
1736	646.9727
1737	647.4609
1738	647.9492
1739	648.4375
1740	648.9258
1741	649.4141
1742	649.9023
1743	650.3906
1744	650.8789
1745	651.3672
1746	651.8555
1747	652.3438
1748	652.832
1749	653.3203
1750	653.8086
1751	654.2969
1752	654.7852
1753	655.2734
1754	655.7617
1755	656.25
1756	656.7383
1757	657.2266
1758	657.7148
1759	658.2031
1760	658.6914
1761	659.1797
1762	659.668
1763	660.1563
1764	660.6445
1765	661.1328
1766	661.6211
1767	662.1094
1768	662.5977
1769	663.0859
1770	663.5742
1771	664.0625
1772	664.5508
1773	665.0391
1774	665.5273
1775	666.0156
1776	666.5039
1777	666.9922
1778	667.4805
1779	667.9688
1780	668.457
1781	668.9453
1782	669.4336
1783	669.9219
1784	670.4102
1785	670.8984
1786	671.3867
1787	671.875
1788	672.3633
1789	672.8516
1790	673.3398
1791	673.8281
1792	674.3164
1793	674.8047
1794	675.293
1795	675.7813
1796	676.2695
1797	676.7578
1798	677.2461
1799	677.7344
1800	678.2227
1801	678.7109
1802	679.1992
1803	679.6875
1804	680.1758
1805	680.6641
1806	681.1523
1807	681.6406
1808	682.1289
1809	682.6172
1810	683.1055
1811	683.5938
1812	684.082
1813	684.5703
1814	685.0586
1815	685.5469
1816	686.0352
1817	686.5234
1818	687.0117
1819	687.5
1820	687.9883
1821	688.4766
1822	688.9648
1823	689.4531
1824	689.9414
1825	690.4297
1826	690.918
1827	691.4063
1828	691.8945
1829	692.3828
1830	692.8711
1831	693.3594
1832	693.8477
1833	694.3359
1834	694.8242
1835	695.3125
1836	695.8008
1837	696.2891
1838	696.7773
1839	697.2656
1840	697.7539
1841	698.2422
1842	698.7305
1843	699.2188
1844	699.707
1845	700.1953
1846	700.6836
1847	701.1719
1848	701.6602
1849	702.1484
1850	702.6367
1851	703.125
1852	703.6133
1853	704.1016
1854	704.5898
1855	705.0781
1856	705.5664
1857	706.0547
1858	706.543
1859	707.0313
1860	707.5195
1861	708.0078
1862	708.4961
1863	708.9844
1864	709.4727
1865	709.9609
1866	710.4492
1867	710.9375
1868	711.4258
1869	711.9141
1870	712.4023
1871	712.8906
1872	713.3789
1873	713.8672
1874	714.3555
1875	714.8438
1876	715.332
1877	715.8203
1878	716.3086
1879	716.7969
1880	717.2852
1881	717.7734
1882	718.2617
1883	718.75
1884	719.2383
1885	719.7266
1886	720.2148
1887	720.7031
1888	721.1914
1889	721.6797
1890	722.168
1891	722.6563
1892	723.1445
1893	723.6328
1894	724.1211
1895	724.6094
1896	725.0977
1897	725.5859
1898	726.0742
1899	726.5625
1900	727.0508
1901	727.5391
1902	728.0273
1903	728.5156
1904	729.0039
1905	729.4922
1906	729.9805
1907	730.4688
1908	730.957
1909	731.4453
1910	731.9336
1911	732.4219
1912	732.9102
1913	733.3984
1914	733.8867
1915	734.375
1916	734.8633
1917	735.3516
1918	735.8398
1919	736.3281
1920	736.8164
1921	737.3047
1922	737.793
1923	738.2813
1924	738.7695
1925	739.2578
1926	739.7461
1927	740.2344
1928	740.7227
1929	741.2109
1930	741.6992
1931	742.1875
1932	742.6758
1933	743.1641
1934	743.6523
1935	744.1406
1936	744.6289
1937	745.1172
1938	745.6055
1939	746.0938
1940	746.582
1941	747.0703
1942	747.5586
1943	748.0469
1944	748.5352
1945	749.0234
1946	749.5117
1947	750
1948	750.4883
1949	750.9766
1950	751.4648
1951	751.9531
1952	752.4414
1953	752.9297
1954	753.418
1955	753.9063
1956	754.3945
1957	754.8828
1958	755.3711
1959	755.8594
1960	756.3477
1961	756.8359
1962	757.3242
1963	757.8125
1964	758.3008
1965	758.7891
1966	759.2773
1967	759.7656
1968	760.2539
1969	760.7422
1970	761.2305
1971	761.7188
1972	762.207
1973	762.6953
1974	763.1836
1975	763.6719
1976	764.1602
1977	764.6484
1978	765.1367
1979	765.625
1980	766.1133
1981	766.6016
1982	767.0898
1983	767.5781
1984	768.0664
1985	768.5547
1986	769.043
1987	769.5313
1988	770.0195
1989	770.5078
1990	770.9961
1991	771.4844
1992	771.9727
1993	772.4609
1994	772.9492
1995	773.4375
1996	773.9258
1997	774.4141
1998	774.9023
1999	775.3906
2000	775.8789
2001	776.3672
2002	776.8555
2003	777.3438
2004	777.832
2005	778.3203
2006	778.8086
2007	779.2969
2008	779.7852
2009	780.2734
2010	780.7617
2011	781.25
2012	781.7383
2013	782.2266
2014	782.7148
2015	783.2031
2016	783.6914
2017	784.1797
2018	784.668
2019	785.1563
2020	785.6445
2021	786.1328
2022	786.6211
2023	787.1094
2024	787.5977
2025	788.0859
2026	788.5742
2027	789.0625
2028	789.5508
2029	790.0391
2030	790.5273
2031	791.0156
2032	791.5039
2033	791.9922
2034	792.4805
2035	792.9688
2036	793.457
2037	793.9453
2038	794.4336
2039	794.9219
2040	795.4102
2041	795.8984
2042	796.3867
2043	796.875
2044	797.3633
2045	797.8516
2046	798.3398
2047	798.8281
2048	799.3164
2049	799.8047
2050	800.293
2051	800.7813
2052	801.2695
2053	801.7578
2054	802.2461
2055	802.7344
2056	803.2227
2057	803.7109
2058	804.1992
2059	804.6875
2060	805.1758
2061	805.6641
2062	806.1523
2063	806.6406
2064	807.1289
2065	807.6172
2066	808.1055
2067	808.5938
2068	809.082
2069	809.5703
2070	810.0586
2071	810.5469
2072	811.0352
2073	811.5234
2074	812.0117
2075	812.5
2076	812.9883
2077	813.4766
2078	813.9648
2079	814.4531
2080	814.9414
2081	815.4297
2082	815.918
2083	816.4063
2084	816.8945
2085	817.3828
2086	817.8711
2087	818.3594
2088	818.8477
2089	819.3359
2090	819.8242
2091	820.3125
2092	820.8008
2093	821.2891
2094	821.7773
2095	822.2656
2096	822.7539
2097	823.2422
2098	823.7305
2099	824.2188
2100	824.707
2101	825.1953
2102	825.6836
2103	826.1719
2104	826.6602
2105	827.1484
2106	827.6367
2107	828.125
2108	828.6133
2109	829.1016
2110	829.5898
2111	830.0781
2112	830.5664
2113	831.0547
2114	831.543
2115	832.0313
2116	832.5195
2117	833.0078
2118	833.4961
2119	833.9844
2120	834.4727
2121	834.9609
2122	835.4492
2123	835.9375
2124	836.4258
2125	836.9141
2126	837.4023
2127	837.8906
2128	838.3789
2129	838.8672
2130	839.3555
2131	839.8438
2132	840.332
2133	840.8203
2134	841.3086
2135	841.7969
2136	842.2852
2137	842.7734
2138	843.2617
2139	843.75
2140	844.2383
2141	844.7266
2142	845.2148
2143	845.7031
2144	846.1914
2145	846.6797
2146	847.168
2147	847.6563
2148	848.1445
2149	848.6328
2150	849.1211
2151	849.6094
2152	850.0977
2153	850.5859
2154	851.0742
2155	851.5625
2156	852.0508
2157	852.5391
2158	853.0273
2159	853.5156
2160	854.0039
2161	854.4922
2162	854.9805
2163	855.4688
2164	855.957
2165	856.4453
2166	856.9336
2167	857.4219
2168	857.9102
2169	858.3984
2170	858.8867
2171	859.375
2172	859.8633
2173	860.3516
2174	860.8398
2175	861.3281
2176	861.8164
2177	862.3047
2178	862.793
2179	863.2813
2180	863.7695
2181	864.2578
2182	864.7461
2183	865.2344
2184	865.7227
2185	866.2109
2186	866.6992
2187	867.1875
2188	867.6758
2189	868.1641
2190	868.6523
2191	869.1406
2192	869.6289
2193	870.1172
2194	870.6055
2195	871.0938
2196	871.582
2197	872.0703
2198	872.5586
2199	873.0469
2200	873.5352
2201	874.0234
2202	874.5117
2203	875
2204	875.4883
2205	875.9766
2206	876.4648
2207	876.9531
2208	877.4414
2209	877.9297
2210	878.418
2211	878.9063
2212	879.3945
2213	879.8828
2214	880.3711
2215	880.8594
2216	881.3477
2217	881.8359
2218	882.3242
2219	882.8125
2220	883.3008
2221	883.7891
2222	884.2773
2223	884.7656
2224	885.2539
2225	885.7422
2226	886.2305
2227	886.7188
2228	887.207
2229	887.6953
2230	888.1836
2231	888.6719
2232	889.1602
2233	889.6484
2234	890.1367
2235	890.625
2236	891.1133
2237	891.6016
2238	892.0898
2239	892.5781
2240	893.0664
2241	893.5547
2242	894.043
2243	894.5313
2244	895.0195
2245	895.5078
2246	895.9961
2247	896.4844
2248	896.9727
2249	897.4609
2250	897.9492
2251	898.4375
2252	898.9258
2253	899.4141
2254	899.9023
2255	900.3906
2256	900.8789
2257	901.3672
2258	901.8555
2259	902.3438
2260	902.832
2261	903.3203
2262	903.8086
2263	904.2969
2264	904.7852
2265	905.2734
2266	905.7617
2267	906.25
2268	906.7383
2269	907.2266
2270	907.7148
2271	908.2031
2272	908.6914
2273	909.1797
2274	909.668
2275	910.1563
2276	910.6445
2277	911.1328
2278	911.6211
2279	912.1094
2280	912.5977
2281	913.0859
2282	913.5742
2283	914.0625
2284	914.5508
2285	915.0391
2286	915.5273
2287	916.0156
2288	916.5039
2289	916.9922
2290	917.4805
2291	917.9688
2292	918.457
2293	918.9453
2294	919.4336
2295	919.9219
2296	920.4102
2297	920.8984
2298	921.3867
2299	921.875
2300	922.3633
2301	922.8516
2302	923.3398
2303	923.8281
2304	924.3164
2305	924.8047
2306	925.293
2307	925.7813
2308	926.2695
2309	926.7578
2310	927.2461
2311	927.7344
2312	928.2227
2313	928.7109
2314	929.1992
2315	929.6875
2316	930.1758
2317	930.6641
2318	931.1523
2319	931.6406
2320	932.1289
2321	932.6172
2322	933.1055
2323	933.5938
2324	934.082
2325	934.5703
2326	935.0586
2327	935.5469
2328	936.0352
2329	936.5234
2330	937.0117
2331	937.5
2332	937.9883
2333	938.4766
2334	938.9648
2335	939.4531
2336	939.9414
2337	940.4297
2338	940.918
2339	941.4063
2340	941.8945
2341	942.3828
2342	942.8711
2343	943.3594
2344	943.8477
2345	944.3359
2346	944.8242
2347	945.3125
2348	945.8008
2349	946.2891
2350	946.7773
2351	947.2656
2352	947.7539
2353	948.2422
2354	948.7305
2355	949.2188
2356	949.707
2357	950.1953
2358	950.6836
2359	951.1719
2360	951.6602
2361	952.1484
2362	952.6367
2363	953.125
2364	953.6133
2365	954.1016
2366	954.5898
2367	955.0781
2368	955.5664
2369	956.0547
2370	956.543
2371	957.0313
2372	957.5195
2373	958.0078
2374	958.4961
2375	958.9844
2376	959.4727
2377	959.9609
2378	960.4492
2379	960.9375
2380	961.4258
2381	961.9141
2382	962.4023
2383	962.8906
2384	963.3789
2385	963.8672
2386	964.3555
2387	964.8438
2388	965.332
2389	965.8203
2390	966.3086
2391	966.7969
2392	967.2852
2393	967.7734
2394	968.2617
2395	968.75
2396	969.2383
2397	969.7266
2398	970.2148
2399	970.7031
2400	971.1914
2401	971.6797
2402	972.168
2403	972.6563
2404	973.1445
2405	973.6328
2406	974.1211
2407	974.6094
2408	975.0977
2409	975.5859
2410	976.0742
2411	976.5625
2412	977.0508
2413	977.5391
2414	978.0273
2415	978.5156
2416	979.0039
2417	979.4922
2418	979.9805
2419	980.4688
2420	980.957
2421	981.4453
2422	981.9336
2423	982.4219
2424	982.9102
2425	983.3984
2426	983.8867
2427	984.375
2428	984.8633
2429	985.3516
2430	985.8398
2431	986.3281
2432	986.8164
2433	987.3047
2434	987.793
2435	988.2813
2436	988.7695
2437	989.2578
2438	989.7461
2439	990.2344
2440	990.7227
2441	991.2109
2442	991.6992
2443	992.1875
2444	992.6758
2445	993.1641
2446	993.6523
2447	994.1406
2448	994.6289
2449	995.1172
2450	995.6055
2451	996.0938
2452	996.582
2453	997.0703
2454	997.5586
2455	998.0469
2456	998.5352
2457	999.0234
2458	999.5117
